2.31199
127.4
266.489
659.547
1933.08
7.22252
28.3476
12.0168
12.4348
12.3022
13.0347
12.8175
12.9477
14.1372
14.0377
14.6731
15.2653
15.5972
16.0291
16.4788
16.5583
17.8884
17.6775
18.6078
17.7298
18.3526
17.4342
17.9585
17.2336
17.6989
17.1228
17.3406
17.1103
16.7317
17.8409
16.7423
17.43
16.9908
17.2803
17.8915
16.743
17.2118
17.1433
18.232
17.7682
18.8122
18.432
19.5456
18.9198
20.1685
19.3819
19.575
20.1892
19.6775
19.1973
17.3193
18.2152
17.0359
17.4559
16.1083
16.6683
15.8256
15.6487
16.3232
15.397
15.9961
16.064
15.4966
16.1424
15.6215
15.3878
16.0971
15.8209
16.445
16.2286
15.8678
16.9072
16.6985
16.6364
16.0936
15.9232
16.3955
15.5627
15.0652
15.1506
14.531
13.9657
14.2005
13.2861
13.085
12.7442
13.3959
12.4897
12.2918
12.316
11.5473
12.7602
11.8859
12.4525
12.5456
12.5688
12.7611
12.4467
12.6045
12.2173
13.0623
12.6069
12.7721
12.7281
13.7399
13.9602
14.0381
15.1416
15.2259
15.3722
16.5939
16.471
16.9161
18.1036
17.7177
