2.42402
294.777
847.869
960.344
2692.54
9.71637
15.1523
12.8825
11.3088
12.7553
13.6518
13.599
14.0636
14.4839
15.1727
15.7778
16.4102
16.4886
17.256
17.6046
17.7426
18.6596
19.5662
19.3173
19.6198
19.5862
19.1429
19.7088
19.0233
19.2394
18.6981
17.7174
18.749
18.0152
18.9133
18.4502
18.88
17.6351
18.8832
18.2108
19.1545
18.414
19.2477
18.182
18.8128
19.2004
19.2439
18.7892
18.9094
19.9986
19.321
20.5632
20.303
21.264
21.2246
20.3881
20.8047
19.5478
19.8226
18.6032
18.4804
17.7175
18.2403
17.2686
17.6097
16.6969
17.1133
17.4106
16.4848
17.4456
16.7476
17.2088
16.6115
17.3047
16.5229
16.4172
17.2473
16.8003
17.3967
17.3264
17.7756
17.6811
17.9334
17.7026
18.0789
17.5315
16.7496
17.0304
15.9528
16.2141
15.5846
14.8109
15.1798
14.2484
14.5746
14.0216
13.4557
13.3949
13.5884
13.0794
12.6716
12.9431
12.8796
12.7497
12.8013
13.0642
13.3282
13.8922
12.7059
13.0653
12.6334
12.5916
12.886
13.5472
13.1989
13.9251
14.3923
14.8567
14.8812
16.0133
