2.23384
264.642
173.476
742.831
523.062
9.61202
9.76965
9.87617
10.467
10.6623
10.3719
10.9007
11.1759
12.1222
12.3115
13.4408
13.5496
14.4978
14.4363
15.0654
14.8059
15.6327
14.9395
14.2263
14.3055
14.8189
14.1958
13.8053
14.1949
14.1669
14.05
14.6168
14.6207
13.8325
15.0249
14.0665
14.619
15.063
14.9285
15.6174
16.1765
15.8714
16.7074
16.9871
16.2602
16.5567
15.1364
15.3515
14.2779
13.7207
14.2387
13.1869
12.6875
13.4254
13.3608
12.8934
12.8275
13.2674
12.769
12.8513
13.0623
15.9367
15.7059
16.5555
16.4525
16.8804
16.4968
16.4144
16.5219
15.9773
15.5309
15.4807
14.6741
14.7345
14.0596
13.645
13.3319
13.6423
12.5932
12.4567
12.3987
12.2932
12.037
11.3339
11.9382
11.6324
12.3914
12.5963
12.8418
12.6227
13.4957
12.1189
12.0117
12.4081
12.6198
13.2766
12.4563
13.3716
13.9666
14.5472
14.355
15.4431
15.4536
15.715
16.8384
16.964
17.451
17.8141
17.369
16.537
17.082
15.9414
17.3218
18.0192
14.2936
16.8918
15.631
15.1904
15.6331
16.2658
